26 31
42 47
90 100
49 69
78 97
4 91
68 76
80 98
38 56
47 95
13 44
97 98
16 48
25 35
30 97
10 10
72 86
0 38
22 34
28 43
61 79
4 93
71 76
4 66
69 96
42 71
39 62
25 54
56 89
61 75
40 67
63 86
36 56
79 84
79 86
37 53
1 17
76 91
41 100
34 58
24 93
87 95
69 70
27 75
53 58
92 99
15 87
50 87
17 93
13 89
11 23
19 51
99 99
94 100
68 72
29 56
53 67
4 73
24 52
93 99
99 99
80 81
54 95
76 78
94 100
35 53
75 91
34 93
57 72
71 98
58 96
55 65
60 80
87 90
56 78
19 59
13 28
77 88
8 11
16 73
62 72
51 68
9 52
97 100
69 85
25 56
41 81
97 100
46 47
34 59
73 81
46 65
26 62
3 80
10 78
6 18
47 100
13 31
25 42
41 43
75 92
11 24
61 90
49 54
52 69
87 96
41 47
96 100
91 91
32 74
65 68
53 96
20 44
51 66
19 40
95 96
82 98
52 90
49 97
46 97
16 82
99 100
90 100
80 84
67 83
92 95
100 100
67 94
50 66
16 74
3 72
15 28
100 100
76 85
13 55
71 76
0 86
70 79
8 76
16 54
83 92
66 95
94 94
0 8
60 92
16 69
22 37
21 76
33 74
96 98
73 90
17 43
92 92
34 96
51 69
20 74
8 66
96 100
60 99
77 87
14 90
79 80
80 85
28 78
5 34
89 93
34 98
66 77
49 49
34 87
0 38
13 51
65 75
8 30
59 90
25 77
93 97
71 96
71 79
19 50
46 56
88 93
7 34
11 59
35 55
43 48
58 79
9 23
56 85
40 79
47 97
47 60
66 93
21 77
35 85
37 86
15 86
26 63
90 97
36 100
19 97
95 96
15 45
25 36
73 75
56 81
7 46
34 87
4 85
55 63
21 70
58 92
55 93
15 46
73 78
29 63
28 48
58 65
69 72
66 85
34 95
51 89
57 83
20 87
9 42
71 78
82 100
59 87
74 90
24 59
4 13
44 76
29 29
83 100
70 87
76 82
39 59
70 85
57 100
58 99
27 66
66 76
78 99
94 97
57 65
70 92
34 75
76 89
22 71
86 89
38 70
83 99
47 77
99 99
73 82
55 55
60 64
33 97
80 82
76 96
47 72
77 84
31 93
84 99
33 87
20 51
51 70
11 50
87 96
80 94
43 75
38 91
20 43
11 94
21 35
85 94
60 71
72 86
55 88
91 97
56 69
35 49
35 58
29 83
87 94
2 100
69 74
93 98
76 77
44 100
45 65
55 90
62 63
65 71
9 56
72 95
4 77
48 81
29 56
36 88
92 100
66 86
93 93
0 72
71 75
96 99
2 35
93 98
73 87
18 72
26 66
95 99
73 89
74 74
93 95
67 91
35 71
7 56
97 97
56 79
4 40
24 92
6 15
53 94
80 87
55 56
91 96
39 62
79 99
23 77
32 59
40 76
98 98
90 97
21 28
44 44
93 95
78 90
45 96
70 77
43 81
46 89
18 64
9 40
51 86
71 99
61 76
89 93
87 95
56 82
49 100
65 86
33 67
71 88
79 81
88 90
34 55
10 38
65 78
25 30
87 91
79 98
97 99
81 97
14 88
71 82
59 65
7 53
5 97
67 67
70 70
21 92
86 96
67 92
17 38
21 84
83 100
53 70
44 70
5 10
51 95
35 88
16 35
56 98
14 59
85 88
14 35
67 74
80 96
77 96
79 86
72 95
21 53
67 87
96 97
93 99
36 92
78 99
62 63
81 82
83 89
51 71
37 72
73 100
45 63
21 26
96 98
56 61
39 85
4 79
46 96
20 26
41 99
3 5
90 95
47 66
88 91
29 90
98 98
51 89
21 92
79 83
21 69
52 87
34 62
60 92
89 97
21 62
39 96
62 64
98 100
42 100
30 87
74 96
83 100
63 100
80 89
33 80
9 17
23 36
0 92
35 81
70 78
78 91
82 97
77 82
13 36
67 71
14 20
25 77
50 99
91 99
30 59
11 91
1 5
28 47
7 75
50 68
49 85
46 88
46 84
28 59
73 84
98 99
12 76
43 65
45 96
68 73
78 80
100 100
41 56
77 96
53 100
9 81
65 90
82 92
40 62
34 34
19 82
16 47
32 45
23 91
70 82
6 49
36 40
1 96
22 67
38 86
96 97
72 83
53 81
69 77
36 87
33 37
18 28
65 94
61 82
47 99
67 94
98 100
99 100
41 83
75 92
72 78
96 96
24 71
10 48
37 54
59 87
46 72
30 53
87 91
5 42
40 86
4 53
84 98
51 79
96 98
36 70
40 96
70 99
85 93
60 71
19 98
46 95
24 41
32 44
50 77
71 71
26 95
43 83
85 99
2 41
80 100
26 100
0 91
89 98
22 77
1 94
86 87
10 32
23 51
68 86
55 71
1 44
70 100
4 45
26 57
34 54
61 74
10 87
43 57
73 77
28 43
72 85
11 58
83 84
55 96
40 73
1 70
90 90
10 59
40 63
24 51
35 50
20 92
17 32
73 86
1 96
98 100
56 92
73 93
68 69
50 76
4 85
96 98
62 97
12 96
45 67
86 98
99 100
75 78
50 98
46 65
85 97
73 95
59 98
90 97
26 75
57 71
87 95
66 79
64 75
66 97
39 55
73 82
46 71
11 97
66 89
81 81
68 91
55 70
2 60
86 94
54 98
25 43
58 79
46 94
6 26
2 53
92 97
9 58
33 46
67 67
14 94
63 94
61 89
60 92
43 52
5 11
38 61
16 38
90 97
39 63
96 97
24 78
87 90
44 57
15 21
7 58
64 94
62 66
58 96
27 71
57 77
2 49
98 100
73 97
99 99
58 100
47 50
61 74
94 94
44 47
50 87
6 42
57 63
8 15
9 34
65 99
73 87
35 83
8 49
10 27
32 54
77 96
83 95
98 99
48 77
29 35
88 91
92 100
28 36
97 99
52 86
15 17
64 99
55 59
90 100
85 98
43 99
56 67
41 67
38 73
57 93
79 96
80 95
87 93
19 54
68 90
99 100
91 95
11 36
16 66
48 49
61 90
68 97
64 77
13 84
87 92
24 25
73 74
0 63
32 39
24 56
84 90
67 96
29 31
97 98
38 49
40 49
62 84
88 100
99 99
91 93
55 73
1 83
36 100
76 94
11 45
36 99
12 73
32 32
94 96
12 39
63 65
87 92
24 92
9 40
43 69
62 65
68 96
100 100
100 100
2 57
24 72
64 75
55 90
100 100
5 30
7 42
14 72
48 99
26 51
63 71
9 40
17 93
20 50
31 81
55 63
78 95
46 59
47 51
38 65
50 74
81 96
31 79
93 94
25 71
68 75
70 70
91 100
62 64
3 86
74 99
36 65
5 49
54 82
44 76
32 42
44 67
45 45
25 32
60 99
36 50
14 44
0 99
27 56
5 58
14 60
2 61
68 68
38 39
91 95
70 86
40 51
25 76
24 80
20 86
41 84
99 99
15 77
87 90
69 92
12 14
17 94
50 75
60 61
9 99
74 100
11 98
46 66
50 91
95 95
44 92
67 94
44 63
48 57
59 80
16 34
45 58
1 98
80 97
88 98
23 54
45 55
8 74
3 80
47 61
94 98
59 76
32 43
74 77
89 90
89 97
26 40
15 55
27 63
40 84
60 88
65 65
58 93
63 98
61 74
70 91
39 64
51 55
91 98
23 60
31 48
19 33
95 96
53 63
71 82
72 80
77 95
29 58
22 37
25 74
2 17
74 99
54 62
44 69
43 90
40 42
9 77
96 96
46 50
2 97
12 58
89 100
16 40
1 80
6 52
93 95
14 86
39 77
83 94
28 95
72 96
29 78
6 34
86 91
36 81
54 56
42 50
49 60
94 95
24 76
6 17
92 98
85 88
34 73
26 74
58 89
54 66
34 42
65 72
1 79
60 76
47 68
0 40
87 100
9 50
19 41
95 98
54 81
19 60
1 22
63 98
80 99
53 89
38 39
59 60
50 71
60 77
62 97
48 78
7 42
95 97
76 93
6 28
10 100
58 74
67 87
69 72
60 99
10 28
51 79
80 84
33 82
63 86
31 90
74 98
48 57
20 54
78 100
8 74
51 89
88 92
28 59
26 75
45 88
15 83
2 61
30 86
49 98
3 88
53 77
11 80
87 95
45 67
5 44
54 55
14 56
93 93
39 39
48 66
5 85
91 96
10 31
67 83
40 67
33 92
41 53
81 85
58 76
44 89
13 43
70 88
96 99
47 68
76 86
100 100
80 81
16 64
100 100
2 69
71 90
23 35
69 74
55 70
47 53
17 19
50 50
86 98
13 30
72 72
44 74
28 85
89 89
79 100
98 100
86 93
40 87
86 90
91 95
50 86
97 100
28 54
76 83
88 90
39 42
89 96
8 61
59 73
44 58
38 81
18 98
36 97
89 90
46 85
14 25
21 91
48 88
90 93
99 99
47 91
48 99
81 91
53 77
6 38
32 34
12 49
67 89
79 97
31 85
9 78
9 100
8 17
54 89
24 96
99 99
28 32
13 53
55 65
6 87
58 100
29 97
6 44
92 97
98 100
59 66
9 73
0 65
81 97
17 80
65 75
94 95
47 78
13 86
98 98
85 97
20 92
8 96
77 78
37 52
100 100
1 44
90 94
10 72
11 32
70 82
72 73
18 25
75 93
76 96
65 96
22 81
76 88
93 100
76 77
42 97
12 36
53 97
10 58
51 90
11 39
94 99
73 96
76 81
5 70
2 32
96 98
28 60
30 74
23 51
80 97
9 27
17 71
61 100
10 43
78 100
41 71
75 95
9 55
4 18
37 75
29 74
31 66
5 63
80 93
40 66
37 89
13 67
66 74
27 70
39 40
21 90
88 88
83 98
100 100
83 96
28 95
64 89
17 56
23 33
75 83
48 54
44 53
94 100
67 93
85 89
62 91
99 100
26 42
95 97
54 54
78 94
71 87
54 100
46 52
67 73
24 26
12 96
74 78
89 98
23 42
60 89
83 90
86 88
19 55
83 94
90 93
36 99
47 99
41 43
21 34
15 24
77 81
36 81
3 40
46 63
95 96
56 98
89 97
14 98
60 90
80 99
62 67
65 93
11 71
95 96
21 26
39 67
64 91
88 96
96 97
48 50
95 98
29 36
40 97
75 75
68 81
1 83
99 99
96 99
88 93
53 98
48 72
61 85
88 91
34 55
33 66
54 95
76 99
93 94
1 56
10 48
87 92
49 73
31 77
68 69
50 83
94 96
29 36
57 61
89 95
56 85
92 99
2 55
2 51
2 3
69 73
61 87
48 50
58 98
18 46
30 44
8 89
93 98
12 58
50 64
57 68
70 96
33 36
54 97
57 97
11 45
75 82
61 66
30 64
2 90
69 83
5 71
8 83
36 83
20 51
23 36
17 43
83 99
59 88
72 95
79 83
19 27
28 73
74 97
59 75
73 100
65 94
73 84
39 80
0 19
88 93
48 87
73 79
57 97
44 71
34 43
69 96
37 43
48 87
45 68
45 52
78 80
13 37
27 66
42 82
62 84
1 77
33 80
25 70
52 79
39 95
78 79
94 99
15 41
48 48
48 66
10 86
2 3
5 29
44 52
88 91
75 77
76 90
1 73
24 30
38 48
27 85
14 96
70 79
87 92
39 61
76 80
64 69
45 76
76 93
34 56
4 21
69 87
19 99
88 98
70 91
53 87
2 54
87 89
59 79
21 97
27 44
100 100
29 92
30 64
56 63
66 67
54 72
4 17
9 35
59 70
68 80
59 60
94 94
43 75
86 96
99 100
66 76
4 57
94 97
76 80
93 94
68 68
31 97
52 76
49 55
17 59
91 98
25 100
25 37
79 83
99 99
86 97
35 90
54 69
22 46
45 96
94 95
18 97
29 86
58 92
8 68
90 94
31 72
100 100
38 44
1 33
20 67
34 37
39 97
32 35
98 99
47 76
83 94
21 79
69 100
29 43
38 93
74 94
80 88
43 58
1 100
2 69
70 93
79 87
38 100
93 97
16 23
52 66
48 88
77 81
90 95
58 89
82 90
72 75
17 91
39 76
86 99
98 98
64 64
18 23
25 46
63 81
3 89
80 95
76 90
88 98
30 39
15 55
32 84
36 67
68 95
37 56
75 99
77 79
81 84
58 70
64 80
79 100
4 17
43 97
39 67
85 96
32 59
20 46
52 80
56 74
17 90
76 77
59 68
43 72
90 98
58 78
49 55
16 84
14 28
22 85
46 85
54 91
0 25
25 40
79 99
80 100
52 76
78 94
71 94
70 82
90 100
50 92
14 32
54 74
90 98
20 35
25 29
61 68
49 97
52 79
23 27
17 86
65 82
39 60
1 21
55 70
2 74
71 75
25 40
62 83
93 97
36 96
80 89
38 58
4 95
48 51
75 90
95 97
38 57
98 100
39 61
80 87
58 96
81 91
35 81
28 78
65 92
14 62
64 76
44 91
6 81
56 73
88 96
75 75
60 76
84 86
68 96
55 74
66 91
6 31
67 89
38 98
97 100
59 98
14 47
95 98
46 66
72 92
82 91
37 38
26 41
31 86
99 99
51 72
68 83
88 98
46 53
82 97
10 23
89 91
87 95
28 92
54 94
97 98
26 82
27 41
53 81
77 82
80 82
35 47
88 93
81 84
68 93
74 74
32 48
57 82
100 100
97 99
0 77
48 57
91 99
51 89
47 48
65 68
62 85
87 100
46 58
24 38
73 92
40 72
92 95
1 72
7 47
45 93
10 12
74 86
32 71
2 35
95 100
60 78
66 84
61 89
31 69
55 78
87 90
67 98
37 82
99 99
70 83
62 62
26 65
66 88
91 91
63 100
44 49
53 72
64 87
36 62
7 30
39 97
68 77
90 98
19 37
60 75
54 71
15 70
17 76
12 63
27 73
96 99
77 81
19 48
20 31
9 48
56 64
45 51
91 95
57 77
77 86
24 92
37 74
13 38
73 73
87 94
40 68
98 98
41 45
54 84
23 36
91 98
33 87
63 82
9 53
72 83
65 69
65 92
35 58
88 100
37 80
57 70
39 72
12 99
62 62
98 99
29 48
62 69
3 62
23 36
88 100
54 62
59 59
19 42
34 47
61 91
75 99
74 80
89 91
8 37
14 96
38 84
31 92
34 72
40 58
83 99
34 92
71 98
55 81
13 17
28 34
68 68
81 84
4 83
56 57
7 69
53 81
65 67
31 92
25 54
21 88
75 96
74 95
7 19
97 98
94 97
80 89
42 42
96 97
80 95
79 81
7 76
6 41
86 88
79 84
78 97
69 79
93 99
37 68
15 42
46 55
9 100
97 98
91 93
78 98
43 50
52 61
45 82
47 90
91 91
29 31
36 42
80 92
19 40
10 17
84 98
49 98
38 67
64 81
33 78
40 62
39 74
0 47
9 9
45 87
10 97
42 48
23 76
18 75
33 82
68 100
15 43
42 54
100 100
67 98
54 95
89 96
63 95
8 56
48 80
42 70
61 97
20 91
56 77
88 93
42 57
19 71
98 98
96 100
37 38
27 88
14 86
30 75
90 99
25 82
10 75
17 94
23 53
87 93
10 18
36 54
47 60
97 97
99 100
78 80
17 61
36 91
7 43
24 45
30 93
68 95
64 73
38 81
37 69
25 71
37 38
6 58
65 94
53 64
100 100
22 36
25 40
42 99
62 74
55 93
37 53
95 100
78 85
87 93
46 85
93 95
74 91
76 93
9 56
43 97
41 90
73 89
81 87
34 78
52 57
26 73
54 58
25 79
83 97
53 65
26 75
59 98
78 94
11 77
67 83
10 40
36 40
80 85
24 80
58 97
85 93
35 53
46 91
18 84
83 87
12 24
6 44
28 38
25 93
21 92
21 21
23 70
87 88
72 75
87 96
41 55
54 76
97 97
47 64
68 86
6 97
41 54
30 95
21 52
18 24
43 82
64 84
70 98
78 98
51 92
28 64
55 59
93 98
72 74
40 77
94 96
96 96
5 98
43 83
67 92
27 42
95 99
37 87
0 31
86 94
17 66
83 84
47 82
30 31
82 96
38 91
50 68
4 4
93 95
64 97
45 77
79 91
37 89
77 96
38 79
86 96
5 14
42 90
90 99
14 15
54 93
62 68
61 71
3 89
55 66
34 47
6 83
98 98
19 42
28 70
94 95
12 78
37 58
73 74
21 35
63 75
47 64
18 52
21 70
2 55
72 72
63 70
54 93
70 97
95 99
58 91
95 96
39 47
38 83
54 54
32 87
97 98
69 73
17 76
23 41
20 26
68 70
70 79
39 63
0 58
25 95
33 88
60 66
77 97
81 85
54 57
16 66
27 82
100 100
91 92
98 98
23 73
33 93
62 72
64 100
92 96
50 67
43 66
80 99
100 100
13 19
76 100
66 74
23 38
94 96
33 89
18 32
23 80
99 99
53 57
8 84
19 44
13 85
18 37
70 70
19 95
98 100
88 88
88 97
88 100
10 77
57 58
53 63
49 100
67 71
9 91
14 80
57 72
61 85
27 86
31 61
75 83
45 70
72 95
9 15
82 85
89 98
74 94
6 82
33 71
28 56
52 53
22 88
14 66
47 80
37 83
47 87
94 98
23 69
61 96
17 41
7 8
67 97
9 11
11 79
80 85
39 95
50 75
55 66
19 95
64 73
73 84
36 75
41 88
46 80
20 47
26 88
76 91
3 30
12 26
5 31
47 53
94 96
40 89
20 55
93 95
82 89
28 35
33 59
41 56
64 68
44 46
25 37
66 97
11 48
92 98
39 86
18 32
16 30
45 47
61 95
77 91
31 62
15 34
91 94
92 100
55 86
58 85
22 27
19 96
50 73
90 97
92 98
54 97
8 64
25 79
82 93
29 33
70 88
73 77
67 89
95 96
12 67
87 88
76 100
31 96
68 84
66 73
80 92
64 99
5 72
83 96
27 78
17 63
43 92
74 79
20 38
13 75
92 98
22 79
23 85
59 100
26 80
44 74
53 90
37 75
13 68
11 31
98 99
99 99
96 100
18 71
75 80
64 97
18 98
17 77
73 89
27 59
89 89
99 100
19 20
82 86
35 60
100 100
54 94
78 80
45 84
23 93
73 77
38 41
47 67
36 55
32 73
94 100
87 99
19 37
43 99
98 100
59 70
32 48
43 86
49 95
87 95
72 93
44 100
25 71
48 71
29 91
68 85
38 88
28 65
58 61
28 32
16 38
55 99
44 94
76 99
93 93
49 85
79 92
99 99
63 96
63 97
70 70
21 68
36 45
29 81
95 96
92 92
85 88
1 69
88 91
4 63
53 75
26 75
37 93
89 99
33 94
93 95
21 70
96 97
23 39
9 99
50 87
17 81
69 73
62 88
12 12
67 72
4 43
95 96
96 97
13 50
64 98
92 95
85 89
81 89
62 96
16 84
11 78
0 46
0 86
94 100
48 97
68 72
98 100
57 66
86 93
3 67
80 91
75 97
27 51
46 95
77 92
45 47
63 70
55 75
80 89
59 66
61 79
73 98
71 92
6 24
60 85
60 60
5 43
31 68
37 64
81 85
62 79
57 89
42 52
85 92
86 88
67 75
98 100
47 62
27 96
5 72
59 94
94 97
30 75
94 98
44 52
16 100
67 93
22 65
49 50
4 32
23 38
29 79
62 68
17 49
40 51
12 90
38 68
0 9
35 58
55 56
29 54
82 93
82 87
1 93
83 94
32 47
94 100
20 20
80 100
58 77
92 96
37 72
26 78
71 90
30 32
87 98
73 89
55 66
79 80
96 98
13 74
16 71
46 98
38 56
67 81
64 73
87 95
94 97
31 82
63 75
71 76
39 42
48 74
30 75
58 72
70 70
89 92
63 91
54 75
35 58
98 98
75 75
65 98
71 80
99 99
72 100
14 91
78 97
18 27
94 99
50 88
35 93
94 97
9 61
1 68
57 85
3 32
44 66
15 71
48 78
48 91
47 92
76 89
63 99
86 87
39 91
67 94
47 89
28 85
27 80
34 98
41 44
54 95
10 97
80 97
37 45
53 59
52 74
86 93
31 55
53 77
27 48
31 100
3 80
48 59
39 72
47 98
41 71
14 68
62 68
38 94
68 72
17 73
66 77
50 76
65 80
72 77
14 45
26 41
16 56
8 29
20 42
85 98
8 82
71 97
32 56
3 46
25 53
51 53
92 92
93 96
87 95
28 46
30 38
53 54
66 77
14 59
0 58
57 63
45 90
48 79
90 99
100 100
1 33
63 81
33 48
48 73
23 81
41 100
3 23
99 100
8 54
45 100
85 86
28 31
47 95
71 72
88 94
54 87
57 64
14 38
83 91
43 95
15 54
18 94
42 63
18 47
55 56
8 86
8 93
45 50
54 84
96 96
14 99
78 90
78 80
2 82
86 97
58 81
14 62
27 92
60 90
57 81
45 99
95 99
42 62
53 91
22 63
43 50
38 58
50 83
48 90
49 77
32 70
14 83
76 78
67 69
76 88
19 96
69 71
52 91
62 66
67 69
83 92
63 67
88 93
42 93
69 80
53 53
13 68
75 95
29 85
10 70
47 54
26 90
33 63
63 81
61 73
50 100
32 34
61 92
30 72
88 93
5 39
79 80
63 65
20 76
86 86
61 64
98 100
78 100
79 83
82 98
65 98
100 100
35 63
56 88
84 86
92 93
59 82
38 43
43 82
8 10
99 99
4 53
94 99
97 97
56 83
98 99
20 41
43 51
51 73
7 66
71 100
24 89
66 70
75 96
42 89
45 58
3 43
99 100
0 27
51 79
78 81
45 66
6 64
11 91
57 68
46 81
84 86
15 32
48 69
6 65
83 100
23 65
76 96
57 97
85 93
50 68
68 87
36 86
29 38
99 99
33 55
42 49
18 27
33 34
33 69
90 92
16 93
18 24
25 39
97 99
23 62
92 98
41 61
60 86
54 79
67 91
51 83
82 96
23 85
26 100
59 79
100 100
2 2
77 80
25 58
61 96
16 84
79 95
44 47
9 67
5 27
9 74
65 97
44 82
88 94
16 40
98 100
49 82
60 100
39 71
19 45
68 80
92 99
51 78
3 83
33 73
24 54
0 11
34 78
7 25
28 47
77 83
51 76
5 83
4 88
12 77
36 51
40 73
8 98
31 64
21 28
68 87
21 37
35 57
77 84
100 100
100 100
38 50
52 65
93 97
28 56
6 21
3 37
14 56
87 97
39 55
7 18
96 99
24 72
73 85
1 47
24 66
22 73
88 98
46 61
32 86
80 83
27 60
91 91
62 66
86 98
10 98
50 68
94 98
31 90
93 95
34 92
47 62
71 92
38 54
81 81
25 37
16 49
53 99
20 53
35 100
7 97
11 42
9 57
86 89
48 72
82 92
21 88
91 96
98 99
80 87
4 63
68 78
13 24
45 76
75 85
59 94
59 73
0 66
31 43
92 100
19 55
35 70
11 33
93 100
5 68
85 96
50 74
81 86
36 68
88 93
93 97
32 86
11 20
87 98
92 99
42 76
69 74
45 48
3 49
86 86
58 95
76 88
76 95
6 77
53 67
21 45
26 50
22 24
18 59
26 92
45 57
86 94
41 48
66 67
15 46
54 79
12 72
90 97
27 100
73 76
57 83
30 43
52 69
43 52
7 42
2 22
56 62
56 85
10 78
57 69
95 96
92 95
34 44
87 89
77 78
54 54
81 82
61 95
47 50
92 97
57 72
26 81
12 42
65 99
69 73
72 94
60 94
60 85
12 59
48 92
40 72
42 75
63 96
74 91
58 87
53 54
93 95
62 84
22 97
12 59
22 34
63 65
44 95
34 96
31 56
59 70
98 98
90 96
62 90
0 44
10 97
63 100
46 64
61 67
54 91
87 91
41 62
19 50
23 60
59 80
11 72
33 90
3 71
32 84
6 15
5 80
43 98
52 67
66 90
11 58
90 93
18 76
50 87
34 47
4 10
99 99
18 97
96 96
79 87
35 49
91 91
4 37
49 95
87 93
22 60
39 52
24 94
28 87
52 71
49 79
87 94
40 69
58 64
100 100
27 41
14 66
63 73
79 94
4 25
99 100
69 69
55 61
7 100
35 57
13 35
63 71
97 99
32 81
54 83
94 100
5 20
20 69
38 77
15 100
90 91
38 90
99 100
74 96
73 93
87 91
25 70
36 56
30 76
79 84
38 68
89 94
44 69
10 29
18 58
56 80
48 60
83 93
48 65
39 85
40 85
63 93
43 44
5 57
22 65
28 40
73 75
99 99
74 76
89 94
17 96
64 75
66 68
99 100
47 57
95 100
86 100
84 94
16 30
37 69
98 98
91 95
67 98
82 85
18 34
1 71
83 99
69 98
56 96
28 76
50 56
75 84
74 97
30 74
66 68
64 74
41 91
100 100
55 62
99 99
1 94
39 93
30 79
34 46
83 99
17 62
53 58
88 95
87 91
65 70
84 86
1 76
74 77
10 23
86 95
94 100
94 96
3 44
67 77
68 94
2 37
80 80
60 97
21 85
42 45
29 86
46 100
50 76
48 67
92 96
20 37
67 88
66 76
8 87
54 92
38 82
96 97
28 35
44 70
3 35
26 75
49 57
54 75
56 81
73 74
48 99
31 45
20 55
22 76
31 82
45 97
66 93
43 80
62 96
62 87
9 48
84 93
34 55
36 67
49 59
12 39
100 100
65 69
92 100
12 82
64 83
5 52
29 29
4 33
51 74
4 70
58 81
0 62
89 89
40 100
88 90
51 64
31 47
33 78
45 69
80 83
17 70
43 84
84 88
28 46
29 53
59 65
58 91
32 95
35 77
1 84
92 95
26 51
99 100
78 91
91 93
37 40
96 100
75 76
1 3
25 96
77 94
90 97
38 81
5 33
2 32
50 91
30 67
12 42
40 89
6 45
65 75
5 77
43 98
66 88
80 86
52 72
72 94
85 97
52 92
31 75
30 77
62 100
92 92
18 80
31 73
20 66
85 88
3 42
80 98
68 93
52 96
54 94
96 96
85 86
64 88
59 79
65 95
53 70
0 15
81 81
38 55
61 82
1 65
94 96
49 98
46 80
68 70
72 89
47 50
6 56
17 89
41 50
98 98
84 88
20 32
63 95
26 59
48 81
19 76
77 88
89 91
55 76
64 80
59 95
59 64
73 75
39 64
63 80
43 52
5 45
53 85
63 80
34 50
95 98
36 53
38 62
91 94
6 93
38 77
6 44
46 51
66 99
56 94
54 87
68 70
55 77
41 46
41 82
67 79
76 94
45 61
48 51
39 74
43 50
45 88
57 81
35 95
34 52
60 78
82 87
96 100
90 98
58 94
1 47
7 24
16 61
60 95
18 43
74 79
3 7
75 86
92 99
27 57
45 86
100 100
97 98
37 99
72 89
64 72
44 83
52 56
34 57
19 36
3 40
71 83
32 84
76 87
66 79
52 79
24 55
98 98
21 77
49 56
67 69